  0.0000E+00   -0.20561833E+02   -0.13339192E+01   -0.69655259E+00   -0.56717280E+00   -0.49702147E+00    0.21020003E+00    0.29894551E+00    0.99629347E+00    0.10741271E+01    0.11682449E+01    0.11917643E+01    0.12937271E+01    0.15960861E+01    0.18008071E+01    0.18293139E+01    0.19235015E+01    0.25580457E+01    0.25706630E+01    0.27749020E+01    0.29611697E+01    0.29711259E+01    0.33481519E+01    0.37095107E+01    0.39036938E+01
  0.5171E-02   -0.20561833E+02   -0.13339192E+01   -0.69655259E+00   -0.56717280E+00   -0.49702147E+00    0.21020011E+00    0.29894535E+00    0.99629341E+00    0.10741272E+01    0.11682449E+01    0.11917643E+01    0.12937270E+01    0.15960862E+01    0.18008071E+01    0.18293139E+01    0.19235015E+01    0.25580457E+01    0.25706630E+01    0.27749020E+01    0.29611697E+01    0.29711259E+01    0.33481520E+01    0.37095107E+01    0.39036938E+01
  0.1034E-01   -0.20561833E+02   -0.13339192E+01   -0.69655259E+00   -0.56717279E+00   -0.49702147E+00    0.21020037E+00    0.29894484E+00    0.99629326E+00    0.10741273E+01    0.11682449E+01    0.11917643E+01    0.12937266E+01    0.15960864E+01    0.18008071E+01    0.18293139E+01    0.19235015E+01    0.25580457E+01    0.25706630E+01    0.27749020E+01    0.29611697E+01    0.29711259E+01    0.33481520E+01    0.37095109E+01    0.39036936E+01
  0.1551E-01   -0.20561833E+02   -0.13339192E+01   -0.69655260E+00   -0.56717279E+00   -0.49702147E+00    0.21020079E+00    0.29894401E+00    0.99629300E+00    0.10741275E+01    0.11682449E+01    0.11917643E+01    0.12937261E+01    0.15960866E+01    0.18008071E+01    0.18293139E+01    0.19235015E+01    0.25580457E+01    0.25706630E+01    0.27749019E+01    0.29611697E+01    0.29711259E+01    0.33481520E+01    0.37095111E+01    0.39036933E+01
  0.2069E-01   -0.20561833E+02   -0.13339192E+01   -0.69655261E+00   -0.56717279E+00   -0.49702147E+00    0.21020139E+00    0.29894284E+00    0.99629264E+00    0.10741279E+01    0.11682449E+01    0.11917643E+01    0.12937253E+01    0.15960870E+01    0.18008071E+01    0.18293140E+01    0.19235015E+01    0.25580457E+01    0.25706630E+01    0.27749019E+01    0.29611697E+01    0.29711259E+01    0.33481520E+01    0.37095114E+01    0.39036929E+01
  0.2586E-01   -0.20561833E+02   -0.13339192E+01   -0.69655262E+00   -0.56717278E+00   -0.49702147E+00    0.21020214E+00    0.29894136E+00    0.99629218E+00    0.10741283E+01    0.11682449E+01    0.11917643E+01    0.12937243E+01    0.15960875E+01    0.18008071E+01    0.18293140E+01    0.19235015E+01    0.25580457E+01    0.25706630E+01    0.27749018E+01    0.29611697E+01    0.29711259E+01    0.33481520E+01    0.37095118E+01    0.39036923E+01
  0.3103E-01   -0.20561833E+02   -0.13339192E+01   -0.69655263E+00   -0.56717278E+00   -0.49702147E+00    0.21020305E+00    0.29893957E+00    0.99629162E+00    0.10741289E+01    0.11682449E+01    0.11917643E+01    0.12937231E+01    0.15960880E+01    0.18008071E+01    0.18293141E+01    0.19235015E+01    0.25580457E+01    0.25706630E+01    0.27749017E+01    0.29611697E+01    0.29711259E+01    0.33481520E+01    0.37095123E+01    0.39036917E+01
  0.3620E-01   -0.20561833E+02   -0.13339192E+01   -0.69655264E+00   -0.56717277E+00   -0.49702147E+00    0.21020412E+00    0.29893747E+00    0.99629097E+00    0.10741295E+01    0.11682449E+01    0.11917643E+01    0.12937218E+01    0.15960887E+01    0.18008071E+01    0.18293142E+01    0.19235015E+01    0.25580456E+01    0.25706630E+01    0.27749016E+01    0.29611697E+01    0.29711259E+01    0.33481520E+01    0.37095129E+01    0.39036910E+01
  0.4137E-01   -0.20561833E+02   -0.13339192E+01   -0.69655266E+00   -0.56717276E+00   -0.49702147E+00    0.21020533E+00    0.29893509E+00    0.99629023E+00    0.10741302E+01    0.11682449E+01    0.11917643E+01    0.12937202E+01    0.15960895E+01    0.18008071E+01    0.18293143E+01    0.19235015E+01    0.25580456E+01    0.25706631E+01    0.27749015E+01    0.29611697E+01    0.29711259E+01    0.33481520E+01    0.37095136E+01    0.39036901E+01
  0.4654E-01   -0.20561833E+02   -0.13339192E+01   -0.69655267E+00   -0.56717276E+00   -0.49702147E+00    0.21020669E+00    0.29893243E+00    0.99628940E+00    0.10741310E+01    0.11682449E+01    0.11917643E+01    0.12937184E+01    0.15960903E+01    0.18008071E+01    0.18293144E+01    0.19235015E+01    0.25580456E+01    0.25706631E+01    0.27749014E+01    0.29611697E+01    0.29711259E+01    0.33481520E+01    0.37095143E+01    0.39036891E+01
  0.5171E-01   -0.20561833E+02   -0.13339192E+01   -0.69655269E+00   -0.56717275E+00   -0.49702147E+00    0.21020817E+00    0.29892952E+00    0.99628850E+00    0.10741318E+01    0.11682449E+01    0.11917643E+01    0.12937165E+01    0.15960913E+01    0.18008071E+01    0.18293145E+01    0.19235015E+01    0.25580456E+01    0.25706631E+01    0.27749013E+01    0.29611697E+01    0.29711259E+01    0.33481521E+01    0.37095151E+01    0.39036881E+01
  0.5688E-01   -0.20561833E+02   -0.13339192E+01   -0.69655271E+00   -0.56717274E+00   -0.49702147E+00    0.21020978E+00    0.29892637E+00    0.99628752E+00    0.10741328E+01    0.11682449E+01    0.11917643E+01    0.12937144E+01    0.15960923E+01    0.18008071E+01    0.18293146E+01    0.19235015E+01    0.25580455E+01    0.25706631E+01    0.27749011E+01    0.29611697E+01    0.29711259E+01    0.33481521E+01    0.37095160E+01    0.39036870E+01
  0.6206E-01   -0.20561833E+02   -0.13339192E+01   -0.69655274E+00   -0.56717273E+00   -0.49702147E+00    0.21021150E+00    0.29892299E+00    0.99628647E+00    0.10741338E+01    0.11682449E+01    0.11917644E+01    0.12937121E+01    0.15960933E+01    0.18008071E+01    0.18293147E+01    0.19235015E+01    0.25580455E+01    0.25706631E+01    0.27749010E+01    0.29611697E+01    0.29711259E+01    0.33481521E+01    0.37095170E+01    0.39036858E+01
  0.6723E-01   -0.20561833E+02   -0.13339192E+01   -0.69655276E+00   -0.56717271E+00   -0.49702147E+00    0.21021332E+00    0.29891942E+00    0.99628536E+00    0.10741348E+01    0.11682449E+01    0.11917644E+01    0.12937098E+01    0.15960945E+01    0.18008071E+01    0.18293149E+01    0.19235015E+01    0.25580455E+01    0.25706631E+01    0.27749008E+01    0.29611697E+01    0.29711259E+01    0.33481521E+01    0.37095180E+01    0.39036845E+01
  0.7240E-01   -0.20561833E+02   -0.13339192E+01   -0.69655278E+00   -0.56717270E+00   -0.49702147E+00    0.21021523E+00    0.29891566E+00    0.99628419E+00    0.10741359E+01    0.11682449E+01    0.11917644E+01    0.12937073E+01    0.15960957E+01    0.18008071E+01    0.18293150E+01    0.19235015E+01    0.25580455E+01    0.25706631E+01    0.27749007E+01    0.29611697E+01    0.29711259E+01    0.33481522E+01    0.37095190E+01    0.39036831E+01
  0.7757E-01   -0.20561833E+02   -0.13339192E+01   -0.69655281E+00   -0.56717269E+00   -0.49702147E+00    0.21021723E+00    0.29891175E+00    0.99628298E+00    0.10741371E+01    0.11682449E+01    0.11917644E+01    0.12937047E+01    0.15960969E+01    0.18008071E+01    0.18293152E+01    0.19235015E+01    0.25580454E+01    0.25706632E+01    0.27749005E+01    0.29611697E+01    0.29711259E+01    0.33481522E+01    0.37095201E+01    0.39036817E+01
  0.8274E-01   -0.20561833E+02   -0.13339192E+01   -0.69655284E+00   -0.56717268E+00   -0.49702147E+00    0.21021929E+00    0.29890770E+00    0.99628172E+00    0.10741383E+01    0.11682449E+01    0.11917644E+01    0.12937020E+01    0.15960982E+01    0.18008071E+01    0.18293153E+01    0.19235015E+01    0.25580454E+01    0.25706632E+01    0.27749003E+01    0.29611697E+01    0.29711259E+01    0.33481522E+01    0.37095212E+01    0.39036803E+01
  0.8791E-01   -0.20561833E+02   -0.13339192E+01   -0.69655286E+00   -0.56717266E+00   -0.49702147E+00    0.21022140E+00    0.29890355E+00    0.99628043E+00    0.10741395E+01    0.11682449E+01    0.11917644E+01    0.12936992E+01    0.15960996E+01    0.18008071E+01    0.18293155E+01    0.19235015E+01    0.25580454E+01    0.25706632E+01    0.27749001E+01    0.29611697E+01    0.29711259E+01    0.33481522E+01    0.37095224E+01    0.39036788E+01
  0.9308E-01   -0.20561833E+02   -0.13339192E+01   -0.69655289E+00   -0.56717265E+00   -0.49702147E+00    0.21022356E+00    0.29889931E+00    0.99627912E+00    0.10741407E+01    0.11682449E+01    0.11917644E+01    0.12936964E+01    0.15961009E+01    0.18008071E+01    0.18293157E+01    0.19235015E+01    0.25580453E+01    0.25706632E+01    0.27748999E+01    0.29611697E+01    0.29711259E+01    0.33481523E+01    0.37095236E+01    0.39036773E+01
  0.9826E-01   -0.20561833E+02   -0.13339192E+01   -0.69655292E+00   -0.56717264E+00   -0.49702147E+00    0.21022575E+00    0.29889501E+00    0.99627778E+00    0.10741420E+01    0.11682449E+01    0.11917644E+01    0.12936936E+01    0.15961023E+01    0.18008071E+01    0.18293158E+01    0.19235015E+01    0.25580453E+01    0.25706633E+01    0.27748998E+01    0.29611697E+01    0.29711259E+01    0.33481523E+01    0.37095248E+01    0.39036757E+01
  0.1034E+00   -0.20561833E+02   -0.13339192E+01   -0.69655295E+00   -0.56717262E+00   -0.49702147E+00    0.21022796E+00    0.29889068E+00    0.99627644E+00    0.10741433E+01    0.11682449E+01    0.11917644E+01    0.12936907E+01    0.15961037E+01    0.18008071E+01    0.18293160E+01    0.19235015E+01    0.25580452E+01    0.25706633E+01    0.27748996E+01    0.29611697E+01    0.29711259E+01    0.33481523E+01    0.37095260E+01    0.39036742E+01
  0.1086E+00   -0.20561833E+02   -0.13339192E+01   -0.69655298E+00   -0.56717261E+00   -0.49702147E+00    0.21023017E+00    0.29888634E+00    0.99627509E+00    0.10741446E+01    0.11682449E+01    0.11917644E+01    0.12936878E+01    0.15961051E+01    0.18008071E+01    0.18293162E+01    0.19235015E+01    0.25580452E+01    0.25706633E+01    0.27748994E+01    0.29611697E+01    0.29711259E+01    0.33481524E+01    0.37095272E+01    0.39036726E+01
  0.1138E+00   -0.20561833E+02   -0.13339192E+01   -0.69655301E+00   -0.56717260E+00   -0.49702147E+00    0.21023237E+00    0.29888202E+00    0.99627375E+00    0.10741458E+01    0.11682449E+01    0.11917644E+01    0.12936850E+01    0.15961064E+01    0.18008071E+01    0.18293164E+01    0.19235015E+01    0.25580452E+01    0.25706633E+01    0.27748992E+01    0.29611697E+01    0.29711259E+01    0.33481524E+01    0.37095284E+01    0.39036711E+01
  0.1189E+00   -0.20561833E+02   -0.13339192E+01   -0.69655303E+00   -0.56717258E+00   -0.49702147E+00    0.21023455E+00    0.29887775E+00    0.99627243E+00    0.10741471E+01    0.11682449E+01    0.11917644E+01    0.12936821E+01    0.15961078E+01    0.18008071E+01    0.18293165E+01    0.19235015E+01    0.25580451E+01    0.25706633E+01    0.27748990E+01    0.29611697E+01    0.29711259E+01    0.33481524E+01    0.37095296E+01    0.39036695E+01
  0.1241E+00   -0.20561833E+02   -0.13339192E+01   -0.69655306E+00   -0.56717257E+00   -0.49702147E+00    0.21023669E+00    0.29887355E+00    0.99627112E+00    0.10741483E+01    0.11682449E+01    0.11917644E+01    0.12936793E+01    0.15961092E+01    0.18008071E+01    0.18293167E+01    0.19235015E+01    0.25580451E+01    0.25706634E+01    0.27748988E+01    0.29611697E+01    0.29711259E+01    0.33481524E+01    0.37095307E+01    0.39036680E+01
  0.1293E+00   -0.20561833E+02   -0.13339192E+01   -0.69655309E+00   -0.56717256E+00   -0.49702147E+00    0.21023878E+00    0.29886944E+00    0.99626985E+00    0.10741496E+01    0.11682449E+01    0.11917644E+01    0.12936766E+01    0.15961105E+01    0.18008071E+01    0.18293168E+01    0.19235015E+01    0.25580451E+01    0.25706634E+01    0.27748986E+01    0.29611697E+01    0.29711259E+01    0.33481525E+01    0.37095319E+01    0.39036666E+01
  0.1345E+00   -0.20561833E+02   -0.13339192E+01   -0.69655311E+00   -0.56717254E+00   -0.49702147E+00    0.21024081E+00    0.29886546E+00    0.99626861E+00    0.10741507E+01    0.11682449E+01    0.11917644E+01    0.12936740E+01    0.15961117E+01    0.18008071E+01    0.18293170E+01    0.19235015E+01    0.25580450E+01    0.25706634E+01    0.27748984E+01    0.29611697E+01    0.29711259E+01    0.33481525E+01    0.37095330E+01    0.39036651E+01
  0.1396E+00   -0.20561833E+02   -0.13339192E+01   -0.69655314E+00   -0.56717253E+00   -0.49702147E+00    0.21024277E+00    0.29886162E+00    0.99626742E+00    0.10741519E+01    0.11682449E+01    0.11917644E+01    0.12936714E+01    0.15961130E+01    0.18008071E+01    0.18293172E+01    0.19235015E+01    0.25580450E+01    0.25706634E+01    0.27748983E+01    0.29611697E+01    0.29711259E+01    0.33481525E+01    0.37095341E+01    0.39036638E+01
  0.1448E+00   -0.20561833E+02   -0.13339192E+01   -0.69655316E+00   -0.56717252E+00   -0.49702147E+00    0.21024464E+00    0.29885795E+00    0.99626628E+00    0.10741529E+01    0.11682449E+01    0.11917644E+01    0.12936690E+01    0.15961141E+01    0.18008071E+01    0.18293173E+01    0.19235015E+01    0.25580450E+01    0.25706634E+01    0.27748981E+01    0.29611697E+01    0.29711259E+01    0.33481525E+01    0.37095351E+01    0.39036624E+01
  0.1500E+00   -0.20561833E+02   -0.13339192E+01   -0.69655319E+00   -0.56717251E+00   -0.49702147E+00    0.21024642E+00    0.29885447E+00    0.99626520E+00    0.10741540E+01    0.11682449E+01    0.11917644E+01    0.12936667E+01    0.15961152E+01    0.18008071E+01    0.18293174E+01    0.19235015E+01    0.25580449E+01    0.25706635E+01    0.27748980E+01    0.29611697E+01    0.29711259E+01    0.33481526E+01    0.37095361E+01    0.39036612E+01
  0.1551E+00   -0.20561833E+02   -0.13339192E+01   -0.69655321E+00   -0.56717250E+00   -0.49702147E+00    0.21024808E+00    0.29885120E+00    0.99626419E+00    0.10741549E+01    0.11682449E+01    0.11917644E+01    0.12936645E+01    0.15961163E+01    0.18008071E+01    0.18293176E+01    0.19235015E+01    0.25580449E+01    0.25706635E+01    0.27748978E+01    0.29611697E+01    0.29711259E+01    0.33481526E+01    0.37095370E+01    0.39036600E+01
  0.1603E+00   -0.20561833E+02   -0.13339192E+01   -0.69655323E+00   -0.56717249E+00   -0.49702147E+00    0.21024963E+00    0.29884816E+00    0.99626325E+00    0.10741558E+01    0.11682449E+01    0.11917644E+01    0.12936625E+01    0.15961173E+01    0.18008071E+01    0.18293177E+01    0.19235015E+01    0.25580449E+01    0.25706635E+01    0.27748977E+01    0.29611697E+01    0.29711259E+01    0.33481526E+01    0.37095378E+01    0.39036589E+01
  0.1655E+00   -0.20561833E+02   -0.13339192E+01   -0.69655325E+00   -0.56717248E+00   -0.49702147E+00    0.21025105E+00    0.29884537E+00    0.99626238E+00    0.10741567E+01    0.11682449E+01    0.11917644E+01    0.12936606E+01    0.15961182E+01    0.18008071E+01    0.18293178E+01    0.19235015E+01    0.25580449E+01    0.25706635E+01    0.27748975E+01    0.29611697E+01    0.29711259E+01    0.33481526E+01    0.37095386E+01    0.39036579E+01
  0.1707E+00   -0.20561833E+02   -0.13339192E+01   -0.69655326E+00   -0.56717247E+00   -0.49702147E+00    0.21025234E+00    0.29884284E+00    0.99626160E+00    0.10741574E+01    0.11682449E+01    0.11917644E+01    0.12936590E+01    0.15961190E+01    0.18008071E+01    0.18293179E+01    0.19235015E+01    0.25580448E+01    0.25706635E+01    0.27748974E+01    0.29611697E+01    0.29711259E+01    0.33481527E+01    0.37095393E+01    0.39036570E+01
  0.1758E+00   -0.20561833E+02   -0.13339192E+01   -0.69655328E+00   -0.56717247E+00   -0.49702147E+00    0.21025348E+00    0.29884060E+00    0.99626090E+00    0.10741581E+01    0.11682449E+01    0.11917644E+01    0.12936575E+01    0.15961197E+01    0.18008071E+01    0.18293180E+01    0.19235015E+01    0.25580448E+01    0.25706635E+01    0.27748973E+01    0.29611697E+01    0.29711259E+01    0.33481527E+01    0.37095399E+01    0.39036562E+01
  0.1810E+00   -0.20561833E+02   -0.13339192E+01   -0.69655329E+00   -0.56717246E+00   -0.49702147E+00    0.21025448E+00    0.29883865E+00    0.99626030E+00    0.10741586E+01    0.11682449E+01    0.11917644E+01    0.12936562E+01    0.15961203E+01    0.18008071E+01    0.18293181E+01    0.19235015E+01    0.25580448E+01    0.25706635E+01    0.27748973E+01    0.29611697E+01    0.29711259E+01    0.33481527E+01    0.37095405E+01    0.39036555E+01
  0.1862E+00   -0.20561833E+02   -0.13339192E+01   -0.69655330E+00   -0.56717246E+00   -0.49702147E+00    0.21025531E+00    0.29883701E+00    0.99625979E+00    0.10741591E+01    0.11682449E+01    0.11917644E+01    0.12936551E+01    0.15961208E+01    0.18008071E+01    0.18293181E+01    0.19235015E+01    0.25580448E+01    0.25706635E+01    0.27748972E+01    0.29611697E+01    0.29711259E+01    0.33481527E+01    0.37095409E+01    0.39036549E+01
  0.1913E+00   -0.20561833E+02   -0.13339192E+01   -0.69655331E+00   -0.56717245E+00   -0.49702147E+00    0.21025599E+00    0.29883569E+00    0.99625938E+00    0.10741595E+01    0.11682449E+01    0.11917644E+01    0.12936542E+01    0.15961212E+01    0.18008071E+01    0.18293182E+01    0.19235015E+01    0.25580448E+01    0.25706635E+01    0.27748971E+01    0.29611697E+01    0.29711259E+01    0.33481527E+01    0.37095413E+01    0.39036545E+01
  0.1965E+00   -0.20561833E+02   -0.13339192E+01   -0.69655332E+00   -0.56717245E+00   -0.49702147E+00    0.21025650E+00    0.29883469E+00    0.99625907E+00    0.10741598E+01    0.11682449E+01    0.11917644E+01    0.12936536E+01    0.15961216E+01    0.18008071E+01    0.18293182E+01    0.19235015E+01    0.25580448E+01    0.25706636E+01    0.27748971E+01    0.29611697E+01    0.29711259E+01    0.33481527E+01    0.37095416E+01    0.39036541E+01
  0.2017E+00   -0.20561833E+02   -0.13339192E+01   -0.69655332E+00   -0.56717245E+00   -0.49702147E+00    0.21025684E+00    0.29883401E+00    0.99625886E+00    0.10741600E+01    0.11682449E+01    0.11917644E+01    0.12936531E+01    0.15961218E+01    0.18008071E+01    0.18293182E+01    0.19235015E+01    0.25580448E+01    0.25706636E+01    0.27748970E+01    0.29611697E+01    0.29711259E+01    0.33481527E+01    0.37095418E+01    0.39036539E+01
  0.2069E+00   -0.20561833E+02   -0.13339192E+01   -0.69655332E+00   -0.56717245E+00   -0.49702147E+00    0.21025701E+00    0.29883368E+00    0.99625876E+00    0.10741601E+01    0.11682449E+01    0.11917644E+01    0.12936529E+01    0.15961219E+01    0.18008071E+01    0.18293183E+01    0.19235015E+01    0.25580448E+01    0.25706636E+01    0.27748970E+01    0.29611697E+01    0.29711259E+01    0.33481527E+01    0.37095419E+01    0.39036537E+01
 -0.2069E+00   -0.20561833E+02   -0.13339192E+01   -0.69655332E+00   -0.56717245E+00   -0.49702147E+00    0.21025701E+00    0.29883368E+00    0.99625876E+00    0.10741601E+01    0.11682449E+01    0.11917644E+01    0.12936529E+01    0.15961219E+01    0.18008071E+01    0.18293183E+01    0.19235015E+01    0.25580448E+01    0.25706636E+01    0.27748970E+01    0.29611697E+01    0.29711259E+01    0.33481527E+01    0.37095419E+01    0.39036537E+01
 -0.2017E+00   -0.20561833E+02   -0.13339192E+01   -0.69655332E+00   -0.56717245E+00   -0.49702147E+00    0.21025684E+00    0.29883401E+00    0.99625886E+00    0.10741600E+01    0.11682449E+01    0.11917644E+01    0.12936531E+01    0.15961218E+01    0.18008071E+01    0.18293182E+01    0.19235015E+01    0.25580448E+01    0.25706636E+01    0.27748970E+01    0.29611697E+01    0.29711259E+01    0.33481527E+01    0.37095418E+01    0.39036539E+01
 -0.1965E+00   -0.20561833E+02   -0.13339192E+01   -0.69655332E+00   -0.56717245E+00   -0.49702147E+00    0.21025650E+00    0.29883469E+00    0.99625907E+00    0.10741598E+01    0.11682449E+01    0.11917644E+01    0.12936536E+01    0.15961216E+01    0.18008071E+01    0.18293182E+01    0.19235015E+01    0.25580448E+01    0.25706636E+01    0.27748971E+01    0.29611697E+01    0.29711259E+01    0.33481527E+01    0.37095416E+01    0.39036541E+01
 -0.1913E+00   -0.20561833E+02   -0.13339192E+01   -0.69655331E+00   -0.56717245E+00   -0.49702147E+00    0.21025599E+00    0.29883569E+00    0.99625938E+00    0.10741595E+01    0.11682449E+01    0.11917644E+01    0.12936542E+01    0.15961212E+01    0.18008071E+01    0.18293182E+01    0.19235015E+01    0.25580448E+01    0.25706635E+01    0.27748971E+01    0.29611697E+01    0.29711259E+01    0.33481527E+01    0.37095413E+01    0.39036545E+01
 -0.1862E+00   -0.20561833E+02   -0.13339192E+01   -0.69655330E+00   -0.56717246E+00   -0.49702147E+00    0.21025531E+00    0.29883701E+00    0.99625979E+00    0.10741591E+01    0.11682449E+01    0.11917644E+01    0.12936551E+01    0.15961208E+01    0.18008071E+01    0.18293181E+01    0.19235015E+01    0.25580448E+01    0.25706635E+01    0.27748972E+01    0.29611697E+01    0.29711259E+01    0.33481527E+01    0.37095409E+01    0.39036549E+01
 -0.1810E+00   -0.20561833E+02   -0.13339192E+01   -0.69655329E+00   -0.56717246E+00   -0.49702147E+00    0.21025448E+00    0.29883865E+00    0.99626030E+00    0.10741586E+01    0.11682449E+01    0.11917644E+01    0.12936562E+01    0.15961203E+01    0.18008071E+01    0.18293181E+01    0.19235015E+01    0.25580448E+01    0.25706635E+01    0.27748973E+01    0.29611697E+01    0.29711259E+01    0.33481527E+01    0.37095405E+01    0.39036555E+01
 -0.1758E+00   -0.20561833E+02   -0.13339192E+01   -0.69655328E+00   -0.56717247E+00   -0.49702147E+00    0.21025348E+00    0.29884060E+00    0.99626090E+00    0.10741581E+01    0.11682449E+01    0.11917644E+01    0.12936575E+01    0.15961197E+01    0.18008071E+01    0.18293180E+01    0.19235015E+01    0.25580448E+01    0.25706635E+01    0.27748973E+01    0.29611697E+01    0.29711259E+01    0.33481527E+01    0.37095399E+01    0.39036562E+01
 -0.1707E+00   -0.20561833E+02   -0.13339192E+01   -0.69655326E+00   -0.56717247E+00   -0.49702147E+00    0.21025234E+00    0.29884284E+00    0.99626160E+00    0.10741574E+01    0.11682449E+01    0.11917644E+01    0.12936590E+01    0.15961190E+01    0.18008071E+01    0.18293179E+01    0.19235015E+01    0.25580448E+01    0.25706635E+01    0.27748974E+01    0.29611697E+01    0.29711259E+01    0.33481527E+01    0.37095393E+01    0.39036570E+01
 -0.1655E+00   -0.20561833E+02   -0.13339192E+01   -0.69655325E+00   -0.56717248E+00   -0.49702147E+00    0.21025105E+00    0.29884537E+00    0.99626238E+00    0.10741567E+01    0.11682449E+01    0.11917644E+01    0.12936606E+01    0.15961182E+01    0.18008071E+01    0.18293178E+01    0.19235015E+01    0.25580449E+01    0.25706635E+01    0.27748975E+01    0.29611697E+01    0.29711259E+01    0.33481526E+01    0.37095386E+01    0.39036579E+01
 -0.1603E+00   -0.20561833E+02   -0.13339192E+01   -0.69655323E+00   -0.56717249E+00   -0.49702147E+00    0.21024963E+00    0.29884816E+00    0.99626325E+00    0.10741558E+01    0.11682449E+01    0.11917644E+01    0.12936625E+01    0.15961173E+01    0.18008071E+01    0.18293177E+01    0.19235015E+01    0.25580449E+01    0.25706635E+01    0.27748977E+01    0.29611697E+01    0.29711259E+01    0.33481526E+01    0.37095378E+01    0.39036589E+01
 -0.1551E+00   -0.20561833E+02   -0.13339192E+01   -0.69655321E+00   -0.56717250E+00   -0.49702147E+00    0.21024808E+00    0.29885120E+00    0.99626419E+00    0.10741549E+01    0.11682449E+01    0.11917644E+01    0.12936645E+01    0.15961163E+01    0.18008071E+01    0.18293176E+01    0.19235015E+01    0.25580449E+01    0.25706635E+01    0.27748978E+01    0.29611697E+01    0.29711259E+01    0.33481526E+01    0.37095370E+01    0.39036600E+01
 -0.1500E+00   -0.20561833E+02   -0.13339192E+01   -0.69655319E+00   -0.56717251E+00   -0.49702147E+00    0.21024642E+00    0.29885447E+00    0.99626520E+00    0.10741540E+01    0.11682449E+01    0.11917644E+01    0.12936667E+01    0.15961152E+01    0.18008071E+01    0.18293174E+01    0.19235015E+01    0.25580449E+01    0.25706635E+01    0.27748980E+01    0.29611697E+01    0.29711259E+01    0.33481526E+01    0.37095361E+01    0.39036612E+01
 -0.1448E+00   -0.20561833E+02   -0.13339192E+01   -0.69655316E+00   -0.56717252E+00   -0.49702147E+00    0.21024464E+00    0.29885795E+00    0.99626628E+00    0.10741529E+01    0.11682449E+01    0.11917644E+01    0.12936690E+01    0.15961141E+01    0.18008071E+01    0.18293173E+01    0.19235015E+01    0.25580450E+01    0.25706634E+01    0.27748981E+01    0.29611697E+01    0.29711259E+01    0.33481525E+01    0.37095351E+01    0.39036624E+01
 -0.1396E+00   -0.20561833E+02   -0.13339192E+01   -0.69655314E+00   -0.56717253E+00   -0.49702147E+00    0.21024277E+00    0.29886162E+00    0.99626742E+00    0.10741519E+01    0.11682449E+01    0.11917644E+01    0.12936714E+01    0.15961130E+01    0.18008071E+01    0.18293172E+01    0.19235015E+01    0.25580450E+01    0.25706634E+01    0.27748983E+01    0.29611697E+01    0.29711259E+01    0.33481525E+01    0.37095341E+01    0.39036638E+01
 -0.1345E+00   -0.20561833E+02   -0.13339192E+01   -0.69655311E+00   -0.56717254E+00   -0.49702147E+00    0.21024081E+00    0.29886546E+00    0.99626861E+00    0.10741507E+01    0.11682449E+01    0.11917644E+01    0.12936740E+01    0.15961117E+01    0.18008071E+01    0.18293170E+01    0.19235015E+01    0.25580450E+01    0.25706634E+01    0.27748984E+01    0.29611697E+01    0.29711259E+01    0.33481525E+01    0.37095330E+01    0.39036651E+01
 -0.1293E+00   -0.20561833E+02   -0.13339192E+01   -0.69655309E+00   -0.56717256E+00   -0.49702147E+00    0.21023878E+00    0.29886944E+00    0.99626985E+00    0.10741496E+01    0.11682449E+01    0.11917644E+01    0.12936766E+01    0.15961105E+01    0.18008071E+01    0.18293168E+01    0.19235015E+01    0.25580451E+01    0.25706634E+01    0.27748986E+01    0.29611697E+01    0.29711259E+01    0.33481525E+01    0.37095319E+01    0.39036666E+01
 -0.1241E+00   -0.20561833E+02   -0.13339192E+01   -0.69655306E+00   -0.56717257E+00   -0.49702147E+00    0.21023669E+00    0.29887355E+00    0.99627112E+00    0.10741483E+01    0.11682449E+01    0.11917644E+01    0.12936793E+01    0.15961092E+01    0.18008071E+01    0.18293167E+01    0.19235015E+01    0.25580451E+01    0.25706634E+01    0.27748988E+01    0.29611697E+01    0.29711259E+01    0.33481524E+01    0.37095307E+01    0.39036680E+01
 -0.1189E+00   -0.20561833E+02   -0.13339192E+01   -0.69655303E+00   -0.56717258E+00   -0.49702147E+00    0.21023455E+00    0.29887775E+00    0.99627243E+00    0.10741471E+01    0.11682449E+01    0.11917644E+01    0.12936821E+01    0.15961078E+01    0.18008071E+01    0.18293165E+01    0.19235015E+01    0.25580451E+01    0.25706633E+01    0.27748990E+01    0.29611697E+01    0.29711259E+01    0.33481524E+01    0.37095296E+01    0.39036695E+01
 -0.1138E+00   -0.20561833E+02   -0.13339192E+01   -0.69655301E+00   -0.56717260E+00   -0.49702147E+00    0.21023237E+00    0.29888202E+00    0.99627375E+00    0.10741458E+01    0.11682449E+01    0.11917644E+01    0.12936850E+01    0.15961064E+01    0.18008071E+01    0.18293164E+01    0.19235015E+01    0.25580452E+01    0.25706633E+01    0.27748992E+01    0.29611697E+01    0.29711259E+01    0.33481524E+01    0.37095284E+01    0.39036711E+01
 -0.1086E+00   -0.20561833E+02   -0.13339192E+01   -0.69655298E+00   -0.56717261E+00   -0.49702147E+00    0.21023017E+00    0.29888634E+00    0.99627509E+00    0.10741446E+01    0.11682449E+01    0.11917644E+01    0.12936878E+01    0.15961051E+01    0.18008071E+01    0.18293162E+01    0.19235015E+01    0.25580452E+01    0.25706633E+01    0.27748994E+01    0.29611697E+01    0.29711259E+01    0.33481524E+01    0.37095272E+01    0.39036726E+01
 -0.1034E+00   -0.20561833E+02   -0.13339192E+01   -0.69655295E+00   -0.56717262E+00   -0.49702147E+00    0.21022796E+00    0.29889068E+00    0.99627644E+00    0.10741433E+01    0.11682449E+01    0.11917644E+01    0.12936907E+01    0.15961037E+01    0.18008071E+01    0.18293160E+01    0.19235015E+01    0.25580452E+01    0.25706633E+01    0.27748996E+01    0.29611697E+01    0.29711259E+01    0.33481523E+01    0.37095260E+01    0.39036742E+01
 -0.9826E-01   -0.20561833E+02   -0.13339192E+01   -0.69655292E+00   -0.56717264E+00   -0.49702147E+00    0.21022575E+00    0.29889501E+00    0.99627778E+00    0.10741420E+01    0.11682449E+01    0.11917644E+01    0.12936936E+01    0.15961023E+01    0.18008071E+01    0.18293158E+01    0.19235015E+01    0.25580453E+01    0.25706633E+01    0.27748998E+01    0.29611697E+01    0.29711259E+01    0.33481523E+01    0.37095248E+01    0.39036757E+01
 -0.9308E-01   -0.20561833E+02   -0.13339192E+01   -0.69655289E+00   -0.56717265E+00   -0.49702147E+00    0.21022356E+00    0.29889931E+00    0.99627912E+00    0.10741407E+01    0.11682449E+01    0.11917644E+01    0.12936964E+01    0.15961009E+01    0.18008071E+01    0.18293157E+01    0.19235015E+01    0.25580453E+01    0.25706632E+01    0.27748999E+01    0.29611697E+01    0.29711259E+01    0.33481523E+01    0.37095236E+01    0.39036773E+01
 -0.8791E-01   -0.20561833E+02   -0.13339192E+01   -0.69655286E+00   -0.56717266E+00   -0.49702147E+00    0.21022140E+00    0.29890355E+00    0.99628043E+00    0.10741395E+01    0.11682449E+01    0.11917644E+01    0.12936992E+01    0.15960996E+01    0.18008071E+01    0.18293155E+01    0.19235015E+01    0.25580454E+01    0.25706632E+01    0.27749001E+01    0.29611697E+01    0.29711259E+01    0.33481522E+01    0.37095224E+01    0.39036788E+01
 -0.8274E-01   -0.20561833E+02   -0.13339192E+01   -0.69655284E+00   -0.56717268E+00   -0.49702147E+00    0.21021929E+00    0.29890770E+00    0.99628172E+00    0.10741383E+01    0.11682449E+01    0.11917644E+01    0.12937020E+01    0.15960982E+01    0.18008071E+01    0.18293153E+01    0.19235015E+01    0.25580454E+01    0.25706632E+01    0.27749003E+01    0.29611697E+01    0.29711259E+01    0.33481522E+01    0.37095212E+01    0.39036803E+01
 -0.7757E-01   -0.20561833E+02   -0.13339192E+01   -0.69655281E+00   -0.56717269E+00   -0.49702147E+00    0.21021723E+00    0.29891175E+00    0.99628298E+00    0.10741371E+01    0.11682449E+01    0.11917644E+01    0.12937047E+01    0.15960969E+01    0.18008071E+01    0.18293152E+01    0.19235015E+01    0.25580454E+01    0.25706632E+01    0.27749005E+01    0.29611697E+01    0.29711259E+01    0.33481522E+01    0.37095201E+01    0.39036817E+01
 -0.7240E-01   -0.20561833E+02   -0.13339192E+01   -0.69655278E+00   -0.56717270E+00   -0.49702147E+00    0.21021523E+00    0.29891566E+00    0.99628419E+00    0.10741359E+01    0.11682449E+01    0.11917644E+01    0.12937073E+01    0.15960957E+01    0.18008071E+01    0.18293150E+01    0.19235015E+01    0.25580455E+01    0.25706631E+01    0.27749007E+01    0.29611697E+01    0.29711259E+01    0.33481522E+01    0.37095190E+01    0.39036831E+01
 -0.6723E-01   -0.20561833E+02   -0.13339192E+01   -0.69655276E+00   -0.56717271E+00   -0.49702147E+00    0.21021332E+00    0.29891942E+00    0.99628536E+00    0.10741348E+01    0.11682449E+01    0.11917644E+01    0.12937098E+01    0.15960945E+01    0.18008071E+01    0.18293149E+01    0.19235015E+01    0.25580455E+01    0.25706631E+01    0.27749008E+01    0.29611697E+01    0.29711259E+01    0.33481521E+01    0.37095180E+01    0.39036845E+01
 -0.6206E-01   -0.20561833E+02   -0.13339192E+01   -0.69655274E+00   -0.56717273E+00   -0.49702147E+00    0.21021150E+00    0.29892299E+00    0.99628647E+00    0.10741338E+01    0.11682449E+01    0.11917644E+01    0.12937121E+01    0.15960933E+01    0.18008071E+01    0.18293147E+01    0.19235015E+01    0.25580455E+01    0.25706631E+01    0.27749010E+01    0.29611697E+01    0.29711259E+01    0.33481521E+01    0.37095170E+01    0.39036858E+01
 -0.5688E-01   -0.20561833E+02   -0.13339192E+01   -0.69655271E+00   -0.56717274E+00   -0.49702147E+00    0.21020978E+00    0.29892637E+00    0.99628752E+00    0.10741328E+01    0.11682449E+01    0.11917643E+01    0.12937144E+01    0.15960923E+01    0.18008071E+01    0.18293146E+01    0.19235015E+01    0.25580455E+01    0.25706631E+01    0.27749011E+01    0.29611697E+01    0.29711259E+01    0.33481521E+01    0.37095160E+01    0.39036870E+01
 -0.5171E-01   -0.20561833E+02   -0.13339192E+01   -0.69655269E+00   -0.56717275E+00   -0.49702147E+00    0.21020817E+00    0.29892952E+00    0.99628850E+00    0.10741318E+01    0.11682449E+01    0.11917643E+01    0.12937165E+01    0.15960913E+01    0.18008071E+01    0.18293145E+01    0.19235015E+01    0.25580456E+01    0.25706631E+01    0.27749013E+01    0.29611697E+01    0.29711259E+01    0.33481521E+01    0.37095151E+01    0.39036881E+01
 -0.4654E-01   -0.20561833E+02   -0.13339192E+01   -0.69655267E+00   -0.56717276E+00   -0.49702147E+00    0.21020669E+00    0.29893243E+00    0.99628940E+00    0.10741310E+01    0.11682449E+01    0.11917643E+01    0.12937184E+01    0.15960903E+01    0.18008071E+01    0.18293144E+01    0.19235015E+01    0.25580456E+01    0.25706631E+01    0.27749014E+01    0.29611697E+01    0.29711259E+01    0.33481520E+01    0.37095143E+01    0.39036891E+01
 -0.4137E-01   -0.20561833E+02   -0.13339192E+01   -0.69655266E+00   -0.56717276E+00   -0.49702147E+00    0.21020533E+00    0.29893509E+00    0.99629023E+00    0.10741302E+01    0.11682449E+01    0.11917643E+01    0.12937202E+01    0.15960895E+01    0.18008071E+01    0.18293143E+01    0.19235015E+01    0.25580456E+01    0.25706631E+01    0.27749015E+01    0.29611697E+01    0.29711259E+01    0.33481520E+01    0.37095136E+01    0.39036901E+01
 -0.3620E-01   -0.20561833E+02   -0.13339192E+01   -0.69655264E+00   -0.56717277E+00   -0.49702147E+00    0.21020412E+00    0.29893747E+00    0.99629097E+00    0.10741295E+01    0.11682449E+01    0.11917643E+01    0.12937218E+01    0.15960887E+01    0.18008071E+01    0.18293142E+01    0.19235015E+01    0.25580456E+01    0.25706630E+01    0.27749016E+01    0.29611697E+01    0.29711259E+01    0.33481520E+01    0.37095129E+01    0.39036910E+01
 -0.3103E-01   -0.20561833E+02   -0.13339192E+01   -0.69655263E+00   -0.56717278E+00   -0.49702147E+00    0.21020305E+00    0.29893957E+00    0.99629162E+00    0.10741289E+01    0.11682449E+01    0.11917643E+01    0.12937231E+01    0.15960880E+01    0.18008071E+01    0.18293141E+01    0.19235015E+01    0.25580457E+01    0.25706630E+01    0.27749017E+01    0.29611697E+01    0.29711259E+01    0.33481520E+01    0.37095123E+01    0.39036917E+01
 -0.2586E-01   -0.20561833E+02   -0.13339192E+01   -0.69655262E+00   -0.56717278E+00   -0.49702147E+00    0.21020214E+00    0.29894136E+00    0.99629218E+00    0.10741283E+01    0.11682449E+01    0.11917643E+01    0.12937243E+01    0.15960875E+01    0.18008071E+01    0.18293140E+01    0.19235015E+01    0.25580457E+01    0.25706630E+01    0.27749018E+01    0.29611697E+01    0.29711259E+01    0.33481520E+01    0.37095118E+01    0.39036923E+01
 -0.2069E-01   -0.20561833E+02   -0.13339192E+01   -0.69655261E+00   -0.56717279E+00   -0.49702147E+00    0.21020139E+00    0.29894284E+00    0.99629264E+00    0.10741279E+01    0.11682449E+01    0.11917643E+01    0.12937253E+01    0.15960870E+01    0.18008071E+01    0.18293140E+01    0.19235015E+01    0.25580457E+01    0.25706630E+01    0.27749019E+01    0.29611697E+01    0.29711259E+01    0.33481520E+01    0.37095114E+01    0.39036929E+01
 -0.1551E-01   -0.20561833E+02   -0.13339192E+01   -0.69655260E+00   -0.56717279E+00   -0.49702147E+00    0.21020079E+00    0.29894401E+00    0.99629300E+00    0.10741275E+01    0.11682449E+01    0.11917643E+01    0.12937261E+01    0.15960866E+01    0.18008071E+01    0.18293139E+01    0.19235015E+01    0.25580457E+01    0.25706630E+01    0.27749019E+01    0.29611697E+01    0.29711259E+01    0.33481520E+01    0.37095111E+01    0.39036933E+01
 -0.1034E-01   -0.20561833E+02   -0.13339192E+01   -0.69655259E+00   -0.56717279E+00   -0.49702147E+00    0.21020037E+00    0.29894484E+00    0.99629326E+00    0.10741273E+01    0.11682449E+01    0.11917643E+01    0.12937266E+01    0.15960864E+01    0.18008071E+01    0.18293139E+01    0.19235015E+01    0.25580457E+01    0.25706630E+01    0.27749020E+01    0.29611697E+01    0.29711259E+01    0.33481520E+01    0.37095109E+01    0.39036936E+01
 -0.5171E-02   -0.20561833E+02   -0.13339192E+01   -0.69655259E+00   -0.56717280E+00   -0.49702147E+00    0.21020011E+00    0.29894535E+00    0.99629341E+00    0.10741272E+01    0.11682449E+01    0.11917643E+01    0.12937270E+01    0.15960862E+01    0.18008071E+01    0.18293139E+01    0.19235015E+01    0.25580457E+01    0.25706630E+01    0.27749020E+01    0.29611697E+01    0.29711259E+01    0.33481520E+01    0.37095107E+01    0.39036938E+01
